4676
4989
7309
5169
3748
1338
4709
9383
621
179
6666
7323
72
2718
4322
1565
961
3890
9324
2593
8345
4551
2225
2060
7325
1653
2539
7540
9493
12
7872
9094
8911
3817
8458
6409
9312
1010
9200
9270
1664
3295
9082
5720
1918
4257
9917
9068
145
2800
512
2404
1068
2429
4527
9724
2332
2294
108
260
8129
56
5259
8119
7582
4133
7565
5664
7735
8627
4083
7023
6726
8033
8920
7315
9667
1610
1404
6335
63
4108
2994
9490
7460
4229
3188
232
187
9389
2278
3468
6695
2336
8600
8952
8703
9366
7924
4539
3529
8673
7160
8373
898
6019
5550
7426
9034
4777
8070
7617
8780
887
8133
2031
8107
8065
6423
5093
5207
9556
1871
2891
9311
8047
7712
9927
7457
1313
5844
2166
9261
9376
937
4646
2552
7459
1244
7326
7435
29
7053
90
2795
3031
9714
8038
9156
4664
1943
4694
1471
9219
2579
1441
3827
1421
9575
3112
5271
1178
3583
1206
7749
8452
59
2693
2987
7558
6903
9322
5163
7067
9669
8559
8034
5822
3341
812
1157
9805
4091
9296
1815
1295
838
4481
3863
7983
5137
7494
9701
5242
8126
3143
3471
1520
4519
7071
6513
2962
2172
508
9638
675
4052
9346
8417
6041
8355
9088
997
4260
1095
6786
5597
2348
7921
3183
1448
1299
3550
7074
7781
5241
2722
8806
7880
9631
3536
7674
2358
8851
6887
5572
8658
410
5884
1890
6068
6507
704
1403
3971
3752
6319
7268
8399
8312
6069
5039
7853
7728
6540
8142
8528
2944
8902
261
1600
9779
45
5354
7692
8384
821
6388
8094
3484
7907
2923
504
2264
441
4683
266
2603
7026
7034
4063
6111
2683
2465
204
5083
510
6200
5250
1134
3946
2653
2420
6725
9871
7361
9842
7369
9029
7007
7027
9928
3452
8986
3265
718
9565
6882
6606
4415
8880
6866
2837
9284
8663
5897
4204
6704
5959
1170
8853
6750
71
659
8595
5305
322
4639
4249
1719
7014
1896
3774
4419
3342
5764
6253
822
8973
5179
8569
2001
6337
4235
9486
553
823
3943
418
9983
8141
5426
8699
3099
5890
7700
234
7764
8186
1864
7013
8095
5950
4018
5602
8242
1472
671
7246
7604
6460
4634
9374
6483
4265
24
1329
479
8386
8757
6811
7923
8557
1529
423
2126
4727
1054
5882
1836
1455
3177
6639
6065
2723
8841
1108
5610
796
4029
9492
1649
3082
15
6680
9760
7555
1515
7926
9097
9518
7109
3858
7832
7103
3549
2257
4575
5435
4250
1002
5978
655
2298
2566
9947
3374
9684
7379
7731
4998
8301
4137
7825
9506
9649
6762
6007
7963
8909
3121
8894
443
401
5800
7900
7994
6214
5932
4283
2149
8337
1440
6957
3613
1139
5286
4573
9355
5994
4663
9330
5653
4616
9319
7949
6099
2432
7197
3879
5770
5505
5262
7193
8550
9439
4680
9962
2084
8179
2472
611
8057
4088
2159
51
9191
2446
938
9453
4376
8136
946
5303
2416
5343
3727
9680
7261
2254
9285
3473
2798
316
5399
2500
3383
2796
7299
4275
1378
6651
7754
357
6525
2080
3597
8447
6488
4659
7252
1405
1459
3266
4611
3277
4835
4476
5244
2468
3378
8102
4192
5630
4005
2132
9476
4692
3140
4592
2609
1326
1806
2330
4748
2781
9273
4521
9549
1024
586
8336
8974
4685
1147
2242
841
5682
5576
9935
1950
1396
5363
5113
1247
4823
9946
7373
9653
5757
8111
6630
6188
6565
6956
2064
3874
1872
8727
8378
7411
9320
3050
3872
1955
4121
5826
8200
4895
9449
4201
6879
1888
2125
3673
5155
5397
8669
4994
6158
334
4884
6582
1805
7398
7188
6213
3568
6542
2646
3665
1514
1938
4543
9277
743
3339
7598
8791
8624
1089
6558
9612
4298
8535
4130
1599
9331
113
2519
5300
3369
7682
7349
5768
8420
4870
752
1042
9214
5455
8195
9964
857
4874
2445
6055
1214
5829
7310
3385
5189
2691
1687
869
7670
2345
2199
6085
2954
8737
7386
627
2750
2535
8004
6373
4196
4456
3345
1197
196
2138
8628
4650
4966
4581
4587
6574
3632
6621
2764
7722
1708
5190
5638
7790
914
9663
4300
3683
9749
7599
5595
5488
3688
8392
8519
7205
6042
8150
2934
8515
2029
2710
324
1555
5133
3025
1243
303
878
7058
1531
9820
2464
9154
1073
1354
1269
6066
6791
7106
3150
8964
3269
1094
351
2520
4453
1699
558
8583
4562
4621
3585
5144
1675
9982
9772
5500
6008
4276
99
5254
1966
8264
1814
5210
9821
4332
1979
6097
6422
9504
6826
2678
8410
6224
9601
126
1534
9752
6427
2999
3839
5991
5089
6245
5331
9733
8124
7761
8751
8930
8655
7217
348
7639
7744
3925
4949
5436
7348
5036
9645
8572
9441
8120
6676
3305
9242
1121
9808
644
154
3556
3193
268
8398
6089
1420
9967
4467
7746
4001
3322
3707
1785
1598
897
6729
251
9535
8968
800
7485
5203
9681
8615
7450
5059
3641
8058
6116
5284
7225
3667
7696
7676
9076
4462
9195
761
6877
8026
9945
8501
8385
6160
191
7928
2663
4219
7890
3904
6195
7134
3676
2151
139
8675
5482
7235
8116
5471
7791
8762
6053
3525
3506
2488
6168
5750
7042
365
1985
4166
7945
1736
3829
3509
5546
4858
8207
3718
4518
5274
8635
4862
2896
8645
6102
5788
3130
8629
3482
2810
5697
4056
9054
75
2295
3535
4149
6800
9522
7231
695
9879
6830
3687
8081
5181
2926
7742
7999
6521
4533
424
285
215
8652
8504
5870
5577
4132
5464
9516
496
3588
759
2657
6852
1122
1490
8812
95
7077
7189
8256
6948
5049
2654
4731
6943
908
3450
7283
9995
5493
4574
988
6426
6916
4820
7959
3540
3732
1040
5269
590
9469
3785
4918
2631
5018
7915
5498
2360
5900
7672
4274
9870
2622
9959
2208
6921
9243
2807
1218
8879
2229
7172
9761
4707
6552
5968
4294
2237
5607
335
4022
4113
1513
3608
8413
131
5523
2980
7120
7846
5889
6294
3493
581
5279
5046
6045
9108