47881
901
29043
35860
47753
38453
7568
46148
4200
23073
20507
2689
22769
18633
40289
535
29354
30191
2366
1421
40269
42579
37159
14898
13716
45181
42803
43958
31325
41526
33242
30002
34333
4051
47238
19397
7249
13791
44134
38843
29215
30147
35602
28284
31003
37525
48360
29167
19974
45659
24228
42985
37872
9562
25727
42854
4046
44207
28367
42323
12663
45417
23724
24437
29512
25601
24978
39641
26279
12872
24082
40953
17877
16635
18451
41448
18365
9541
34822
26810
13801
3234
23095
12659
24435
49771
13135
34251
5801
6914
27798
16346
32730
23883
44438
6501
21597
11302
49083
49797
43632
18149
2887
7841
34862
28158
16274
42120
43962
16382
25230
34717
42472
33672
6488
25567
41451
39145
5419
28723
40729
46361
16830
13808
46810
30401
37934
27895
22543
29619
22070
19821
45936
5050
20362
8279
14750
12943
5380
26481
23735
18021
14037
27371
10471
33762
38077
6640
48460
26310
8740
21730
41033
15242
11049
21212
5581
15798
16446
47636
22206
26534
44997
2250
24635
39023
28863
23881
21970
13435
38343
28199
9948
49791
19143
17179
17699
17577
8235
4600
28992
27317
25616
16760
39941
43327
19272
34692
1156
47762
35774
20207
762
38735
17168
40611
540
6618
14318
47299
49148
10046
43181
3823
21048
31840
32232
24998
21311
33600
44019
23718
2033
42876
12205
24143
690
33920
18995
38885
9834
37000
39723
49316
36844
36982
13027
35390
26369
24894
12550
20592
24416
43934
30152
41619
39197
14139
399
22301
33659
27495
45422
44840
44271
20767
23134
48283
28419
44657
8795
18628
15811
34122
16217
33543
27943
44749
12354
13648
27373
9824
4653
1284
44995
33025
20395
34773
10190
35030
47521
27733
13242
17553
14222
29042
42431
17730
12664
34896
12172
45926
14919
34244
18450
23854
11421
2204
24752
16714
16960
27020
37046
39828
6950
20659
43208
1130
19676
35388
16289
40595
17347
12288
31585
16914
36071
23577
35269
33864
40093
40290
15922
24452
31529
44538
42029
14870
11561
17271
34697
26817
13106
9895
23534
30046
8933
23249
26099
237
10013
17546
41609
48455
48183
10868
35075
26303
38270
49553
19813
29526
47379
11109
45000
27038
23702
27161
35943
16774
33987
30956
34777
49236
22043
15700
15563
28258
14062
20402
49737
12111
21186
3955
3609
5141
46915
30531
16885
5994
23879
40525
26131
33840
45116
30829
5554
21832
27425
48870
45571
25908
12366
49279
48082
25049
24848
10552
8047
18611
34693
32458
34493
20082
4752
32573
20487
1203
23354
21187
40794
20730
33734
6529
45539
32874
5326
43070
19285
49751
9503
13972
5366
28162
43006
40612
24904
37204
26325
25830
1807
31590
40815
12301
31364
6171
39625
43717
29891
43104
40150
26038
336
2094
13490
11928
32136
30844
8956
15796
27069
44596
48200
1653
42389
18711
12783
24015
39415
10494
16227
40272
28143
11966
38336
10081
12433
24039
12493
43800
37226
23465
27250
49470
35873
25732
22660
35592
1565
28682
40348
15764
37232
17571
25237
45074
17297
46717
19748
47580
27032
32318
49682
32164
5458
24728
40725
17448
24036
31895
9933
11156
47404
13258
11226
26037
10674
21931
12730
7461
26606
10941
18064
19704
40180
25697
47856
25330
698
19573
19527
8947
8986
22090
47128
32816
47026
28928
46113
41118
23945
22672
4044
43869
32412
49333
23841
5632
34199
2760
42793
37605
7183
17927
2333
9573
22779
22498
37117
9209
29539
33618
12652
38662
21333
4121
32535
40580
43066
40200
40759
15556
29237
36751
33287
19567
31600
45293
16498
41602
39199
804
34266
15587
34238
29175
3134
31243
46985
41583
41035
25937
14183
49176
38780
8322
35140
648
35359
8556
2922
31503
4789
31577
4060
49913
37414
47978
7438
25569
24063
31657
38708
24656
12441
34976
9749
13475
22103
29239
27259
40138
15340
28456
35562
13357
26326
23984
31435
20809
11211
23726
46677
48376
30813
24022
29951
1214
9150
23683
19808
36332
2143
48186
25104
45830
35704
40864
5283
12117
37988
15708
46579
38431
14924
33230
13392
8714
19487
21134
12561
39390
1822
38749
38169
11398
34323
36122
8804
13763
4770
39891
31376
41052
25480
36725
16841
33861
22528
23971
39293
44715
18405
36943
25102
44890
10497
43544
14229
46428
3843
39952
26516
24526
33103
28264
35172
21440
4416
14794
11165
48792
39561
6339
20820
19945
19163
32238
39130
15868
1858
32819
20206
18878
49097
24862
17424
37258
17450
39889
20257
23685
39141
21149
20790
10697
44222
32992
46662
22699
45469
6547
45782
39781
23488
1959
44772
11310
43236
12873
2047
48690
12491
34305
13203
33262
40840
30836
12588
13562
7238
8647
46764
2435
27033
46145
41143
46164
42156
32619
39339
36912
21033
38086
43758
45711
12904
17129
42736
7747
18735
4374
38671
48885
8631
33080
41576
47233
44719
299
10139
31595
8201
904
14312
22892
24643
3596
16070
43469
576
41268
33059
10334
42597
23734
1333
37428
41984
2399
3774
24941
4594
43438
46321
39037
27896
5266
22807
24776
49962
34987
7872
24367
37319
4234
24165
12007
24547
18071
19032
3520
44319
11472
14857
16548
13848
46654
38088
46364
36028
27988
34225
4545
44713
38097
6617
32463
32308
29748
47507
20451
25855
17552
9210
2440
43973
36945
8891
41178
38653
36986
40207
45313
25944
49018
28446
10703
8495
25568
35877
43333
10099
3841
18632
7595
14209
6915
29089
18947
19739
35214
491
39757
40796
15296
29405
32205
40933
28800
42245
41917
41445
41744
5309
38462
1796
6604
47149
24090
11645
18992
26253
37141
17446
24630
18756
18146
31565
18459
20834
25106
22017
5827
42694
31943
16489
41923
5997
45862
27365
38477
8216
14315
22783
8329
3096
35686
9853
17070
45492
18423
43376
26792
10585
31375
41363
11154
14952
30609
1325
31771
27061
19513
21834
38056
16385
29084
27753
19849
27493
17908
47380
33334
29450
36763
32285
31029
24197
40067
4691
30742
26112
15455
16827
47907
29618
44284
18455
26962
754
43932
7617
24144
41144
15910
25573
19681
13799
45637
20199
21821
42439
15225
23605
45536
46045
11599
33737
43102
1049
25328
42359
22132
22363
12160
18009
24009
16610
47542
33189
21412
42659
6204
32039
5783
22450
18044
10560
3849
13200
43370
48667
38866
19410
26001
17240
18831
46313
7413
9495
23253
23560
49106
26834
11166
10008
4311
42207
21076