277557
26030
177535
292605
128814
187739
357914
63059
139056
19892
200599
282974
439938
263323
22824
21061
27690
413121
172784
140342
287733
239519
481274
293050
138180
20192
482965
393508
89940
23708
101936
16707
150600
97599
124494
39638
233557
323849
3686
304607
257866
211726
112314
390256
17018
104733
152594
367586
279655
398878
447317
264325
237804
56085
211107
26930
396007
236003
300561
223228
499041
383755
342049
131844
279323
252242
127262
422540
332216
245983
147313
400419
452257
138691
9827
37887
93721
440530
31344
142473
127741
400623
491620
261522
323095
49574
361781
339044
493696
288882
301532
443091
261967
476319
269553
496082
484291
140746
336194
163009
129832
89892
363247
466148
165449
150933
143397
10736
3187
355933
494934
76094
75874
26454
294354
420066
421195
278134
448356
301461
369796
41489
268874
66126
104307
129051
126130
468879
46706
443210
14030
175355
358620
437690
363892
193254
101271
188426
283317
470053
407294
313987
293688
305989
441449
378265
252626
353527
47451
155370
344643
235368
55944
269924
451344
356943
233121
238307
349433
387552
257406
395160
328599
242238
132710
334949
465588
433805
438558
443172
19782
239172
134572
265064
465929
172513
117670
362523
134360
263607
225564
471974
288488
55363
467775
250031
268801
3868
217388
457213
172666
3657
200633
334807
407408
381516
479163
415850
97891
435932
457618
428969
18285
297520
247761
365295
161023
362231
425229
229600
336985
346597
470754
429037
186790
315176
380701
66198
311282
255833
174665
183690
184841
72621
350905
137194
363246
162379
401519
100236
343252
422712
124359
324444
439644
61262
43203
218716
293996
199371
180691
419947
471688
470982
61920
97828
338192
320572
430486
22205
308214
347625
473068
122992
371514
462354
306545
424215
147076
212574
168661
464144
307421
338053
37425
158240
250154
339553
132692
146580
67910
105153
321514
73410
31418
417053
475435
456654
406460
443683
282334
36201
489474
406255
174056
133843
312417
333338
450773
341377
224774
125866
472706
182234
20240
83175
29220
365595
245416
142829
55288
94842
56735
417757
231432
427144
433506
387662
156983
321488
229756
135329
161257
277980
14697
80274
137714
100022
196050
1226
151354
12332
179273
93297
57481
496525
347042
272929
482772
56240
13357
134006
357124
405299
443404
249346
106112
393025
211445
228157
356919
271917
109541
491609
149068
470267
114559
264659
270718
167326
154688
289158
469554
92860
218304
451033
470751
18669
185160
15417
171670
284514
29162
382657
364684
339363
351073
252789
68230
441905
64934
237583
385440
150730
141036
67536
489818
79466
349369
417848
436799
407855
236481
78929
374963
51669
329568
402949
385144
362303
350900
276849
126525
449047
238453
392913
311620
498189
460370
376378
273774
232764
460969
270822
349510
378954
235875
244938
416582
408782
145034
490692
26250
382379
247015
335536
453263
403483
152188
257914
124583
76231
202587
138893
295581
129234
288737
303530
191743
380982
138099
126357
267757
466950
174963
399305
391356
475346
153631
445515
68455
178921
413638
111067
220626
211801
424200
346919
87164
381522
332073
161947
161314
120264
421361
321139
264554
312919
101923
378033
400146
356001
270168
219337
380213
101779
431959
395353
408727
293222
127412
201942
43342
43872
418690
216898
383789
383163
188278
404378
244749
398750
60858
41292
302074
429319
77098
432517
417784
250186
340398
346888
231313
367859
220436
242523
404316
223815
389770
324156
129546
461736
96437
204945
361104
110616
274033
379420
99085
260981
339622
263597
175575
415811
294979
474961
377574
134631
319385
36905
396988
361871
50647
196373
83599
24815
493789
334639
134901
297862
254911
295861
429963
240735
483640
208414
226018
361203
154728
287437
463686
202316
495180
46339
148780
326661
396697
147375
202872
340525
304564
45793
246600
274186
184080
87452
20705
356954
394309
162089
368980
42932
207754
5160
261516
302061
129296
377794
150518
464311
157946
356410
349197
360804
211068
259233
197058
5608
135119
459401
410245
58300
394990
245265
274962
326303
409872
270399
39514
438007
116610
144749
233965
183925
107648
349242
403457
6198
204272
480160
231106
234438
343132
351365
131990
192544
458282
14859
353579
19216
60121
23267
134720
212025
463546
313567
487629
334866
174185
302404
178575
308875
86982
280766
379764
412045
343732
284173
422303
301600
328366
66622
465401
300710
487585
265461
242645
85540
366314
140997
427485
434209
203564
446690
490334
219687
470381
391213
416397
200647
198575
6191
480116
232089
368518
351809
129406
171872
416667
357768
309370
390412
119196
12766
270415
423321
455901
277771
119709
174645
172719
90291
272331
257535
267867
435464
13523
309771
308412
125344
405990
321186
110326
280674
14717
84454
332407
194618
395421
75411
460392
431820
423654
33248
44303
371557
280344
84997
301189
254156
244195
361815
71407
368888
11337
86895
445659
168923
348178
298728
159417
348380
345516
361927
495603
489123
4797
227797
295083
254893
120167
273608
184111
113535
14582
251168
56635
362263
58153
262797
61900
39933
316762
472813
119708
422105
337356
311667
373951
75615
348784
38467
266073
149157
373940
199002
248405
461705
66955
85079
403709
465551
389444
368773
294564
213631
84943
180404
475607
86676
393172
77863
164802
130103
21116
224044
349754
302342
40656
284796
251030
425217
471904
329040
111070
415857
10175
480509
344796
290804
4108
363150
372751
461289
375787
349182
448287
442292
251538
298574
280362
42703
484672
279913
372285
84014
353543
20849
29438
34381
96586
61541
422726
485496
374882
123762
459052
338454
156731
386163
1821
24627
498587
19270
468423
467977
98338
436140
83764
354315
374220
358013
346165
481389
87412
351558
143188
395667
157811
417856
455051
140436
172006
106030
24786
342218
444525
275027
357203
324313
61520
8813
307355
56730
153852
322898
2889
115044
32651
455045
441576
194293
109890
423445
286009
156482
230323
249779
396394
387161
417219
96045
483235
389487
117350
274924
156159
364107
368294
300294
82551
479853
476067
28001
443706
421853
377236
68357
438585
69868
496940
60989
248222
223241
333687
469194
111197
430754
329635
310435
249091
66388
358076
443020
458571
97746
406768
348978
360912
222062
190417
408897
398524
61511
314072
492771
175070
60431
83207
38901
167898
118263
417191
284775
294171
11449
204464
68783
493380
256834
499719
196459
19748
268826
180737
208689
132263
343313
187046
218613
243305
53288
430097
373783
288197
453913
140212
14405
7148
243876
420344
449524
218897
255992
464545
339095
103169
232922
369296
469498
453521
101076
416931
234430
257807
461821
365143
477904
410490
399265
20654
151496
273966
14253
275083
191835
419959
298489
115545
169406
218599
369746
9132
159416
367298
108003
404863
171970
327094
72383
467100
417629
457961
166766
487707
208400
352619
306034
210914
349053
478026
430772
162826
96543
78051
153616
428898
496610
374838
341370