62032
73666
9921
25094
6682
85002
61065
16500
40406
62309
93773
70411
93268
37627
47138
29005
55146
92039
44369
5591
16601
12279
83787
74034
15631
13216
14425
64441
64422
50619
41425
2978
78442
15679
96421
7564
19639
92060
86165
61443
85856
71441
83908
34354
61164
59819
3209
44677
99323
52475
30364
68858
33415
93171
97200
77508
2374
27389
32000
80956
62475
95447
32226
88388
98636
37038
53720
7513
17150
32694
42789
10869
93980
62724
7036
96189
23879
28553
53844
69710
66983
34571
96121
25087
11696
71297
37468
88563
25248
9802
89482
34269
996
57067
80249
10512
67002
31716
27519
64258
7474
96365
82973
10941
86349
92402
51609
91682
33479
85608
45033
56314
72146
57419
36011
32986
77720
51669
84594
26386
42209
8349
39162
5106
65973
42602
21148
42073
52761
64115
14974
92252
83478
54516
57762
29936
94392
41487
1662
22068
66226
10812
37676
16957
25374
23278
19735
74079
89954
72004
34294
26357
16527
32425
12949
60622
58818
7593
14479
94964
81549
70992
85304
7034
34928
47968
29719
69121
1
71950
61136
67271
92811
3866
959
69197
52178
48458
76385
84771
47028
83362
21036
24946
85515
24833
11520
20549
36304
85115
18165
51317
12569
16815
48307
20560
3939
52548
25600
80709
4331
87845
61555
11183
92629
74517
97704
13916
62480
65713
1101
59512
58833
96289
35801
71643
46619
95067
65980
20779
52865
77812
22066
35375
79234
36835
81777
49618
25427
84917
23841
69296
30138
36262
45835
90016
57686
28194
21738
8926
83420
54456
71422
56212
89885
52536
33216
15428
47939
75913
95632
5525
25082
16297
6378
47863
73483
13474
6839
59028
27076
33797
13023
36854
5139
62278
51804
54607
71345
58100
78185
77865
28763
22355
15162
90986
18652
80504
31525
35
94215
74144
3646
37045
45695
62222
13857
92097
62777
25951
67464
52523
61465
31403
21629
43914
42426
50906
6441
88494
42122
3840
50378
79854
33521
16631
40803
82318
30770
39799
18285
17386
75497
30069
19787
15713
21685
46901
77692
66368
16175
31341
47210
63817
34200
68504
16895
61473
52850
12340
85239
89011
81508
45433
24144
49060
88705
70389
54014
19156
30114
85993
99835
88077
78576
13755
83052
61886
69076
14142
42409
28498
39010
53663
29956
15140
15106
7658
75566
5407
81257
98634
4145
36837
82099
31423
25821
43184
62308
67502
80304
3890
89888
72851
98146
35550
34308
39218
2410
37727
60927
85291
95664
6406
12688
21868
48495
74561
84765
69120
31622
84999
28589
78149
67004
98992
99267
5980
94158
54721
74871
80633
57623
32613
91475
88730
46522
38807
78983
64820
91791
77149
84297
63048
7176
50670
65932
56533
96830
87955
88156
51495
47837
75
72884
22318
53353
16105
81980
20073
76267
93656
53378
3329
25183
46739
58290
65132
11392
74070
19524
14191
97050
73158
28664
46214
65774
39946
73086
57382
85886
15827
12451
19270
67537
51313
75015
16618
34932
85714
51468
47847
75643
94328
66091
28562
33445
54454
82017
86154
43772
59271
24935
71039
56347
91819
22559
62877
69483
20062
12106
33849
83174
88183
726
38134
51293
22970
65461
15157
44437
55482
82345
65143
81611
85519
74299
81775
18873
10416
4267
43561
84112
73229
91009
55026
76485
8555
96962
57666
44201
1884
75213
73264
5723
28966
92225
43474
994
95100
2524
81648
82216
77602
74446
26927
59161
64980
10087
4416
27187
25597
45888
79515
33334
36859
17146
62971
2500
77385
2763
81624
11262
41748
85566
82867
46775
94011
30133
33340
37087
4341
23369
42030
29661
53442
95753
43884
42460
60204
78462
79414
83164
10585
19951
14055
21097
46000
21312
19853
12201
75430
67093
94214
2766
58660
38805
80148
6763
69623
54314
94141
49955
78291
58404
58306
97118
84068
26493
19066
30933
7347
29239
12746
10252
35442
2050
12163
77439
68964
95386
33112
59317
61932
8460
75610
72913
82800
77465
21874
43400
65929
76179
91002
85645
29898
58213
59224
28135
38987
31632
11448
73220
82481
2415
49413
55431
16699
26684
26212
28732
74316
95147
92430
81740
67344
596
58407
9165
20524
84110
26623
63089
97383
65111
15589
80894
5775
15504
10947
10398
52393
32165
14202
31980
9017
5483
20923
19215
18698
81825
2782
89892
71578
63129
34723
80243
32357
19952
71523
20804
9581
93049
47050
74392
79347
22877
95476
95721
13559
24038
86195
44673
31924
18867
88927
82509
64702
51242
92528
80919
1381
14970
80484
69926
85483
83310
58432
38693
42368
85243
19429
98108
9084
24
10929
76794
74264
34669
63663
72821
3465
35587
29596
32040
13498
7899
80087
70266
15173
13115
62148
48447
58189
132
85084
39640
48571
23903
70197
84950
3092
82165
64650
92572
43763
93534
65415
86530
16872
84017
17907
81718
18540
78554
95929
90461
94528
78665
37493
77558
7809
24967
79352
95488
68260
30904
33970
11431
24716
87512
26632
97425
95704
20431
35934
53386
36736
88951
74804
19191
77358
45172
98417
57173
25966
34654
51044
60345
94689
80301
42150
28584
94161
44161
27067
72784
24191
56011
33016
11329
79000
91164
8030
77132
55398
51144
23876
68406
96546
41429
53491
77496
44424
49350
58826
96279
84131
42495
17698
87771
58791
42868
45484
9102
78653
61362
21271
69587
22392
32426
7437
37152
37991
18357
24445
13529
25060
91945
81299
5610
74281
21463
68771
69793
9986
54310
1318
58237
71503
99483
3672
5502
80541
72302
18054
46959
60577
74741
58502
7157
41447
7447
24917
79454
99001
49608
35084
66902
74278
23984
35611
17112
6767
50313
20165
70657
4942
31335
51895
41057
68962
17618
42406
21419
43099
9806
12836
7372
70719
87228
8095
99832
61207
41273
54262
13631
5434
21252
2623
24531
81661
51443
89041
32041
22775
75178
4587
51506
20989
8082
99758
37771
34519
98834
72132
28210
73021
84727
23395
25102
12976
71142
51663
3159
89591
39505
77549
8404
52755
86469
53248
63393
69343
74098
97638
34636
11646
45002
4748
69773
50228
65989
26060
94336
88375
64172
97052
26692
48180
61631
45935
18638
97027
2754
58133
22187
3861
44997
73309
5744
49354
69647
72539
6975
85951
74598
64933
91545
47300
7294
86647
48890
47564
25404
99510
75285
99389
76005
52082
25933
19240
61192
16516
91310
99570
98244
27255
6054
43377
88311
45891
27331
18515
70661
73364
61321
15351
71809
25833
78320
58879
93563
8825
62488
46013
74374
63760
85738
48394