76240
53585
524057
485746
878192
84959
798406
265256
941016
324013
111298
967008
747076
100270
7312
738810
904338
491496
472783
550625
720958
901135
73928
147129
833286
287871
383015
132517
94380
859030
872391
906162
864346
6956
916838
598499
631135
364721
631928
564569
511448
303457
850071
140895
681770
624678
586647
335184
795819
273674
535224
988197
149152
389014
727669
970847
877025
864780
163449
72589
110425
50238
994801
845627
145322
168778
786236
395895
393261
719987
213567
373697
967063
567132
150038
175054
510519
224483
723685
825593
904539
649815
665740
274183
479506
627288
798713
892629
782541
487626
685783
378144
248607
251637
36644
598705
752420
432060
860128
495075
895421
94648
795809
855122
727481
622449
625987
997026
778959
709497
74045
876329
850632
900580
963984
298554
719929
425191
955864
841615
510766
763596
349189
405138
228387
431567
359075
882056
194283
824025
917845
676891
322036
197782
83872
404162
782690
493941
636259
141327
37335
249915
657893
665044
545492
784772
659655
345587
787065
526104
261272
839425
67368
784998
568519
237142
217544
461024
945971
800436
109925
215986
338079
74898
157429
651232
626625
253764
521206
225595
359289
421192
774514
171135
573151
62319
438308
767436
724981
954469
282293
946751
282107
657376
500255
852909
420578
630241
433395
123323
859416
263978
160501
632477
113282
74173
588581
83241
51784
779660
397785
839575
896009
905666
121861
224728
955760
141804
521245
234447
79326
33606
989393
67952
368391
561310
254711
750132
932441
715943
639495
634358
623830
833885
517951
646701
908867
178127
853287
589831
821816
378510
280623
813278
630488
558320
610932
502553
445147
473345
835105
82594
552903
559112
90418
29439
355134
853169
948116
181391
237296
203932
410473
447972
273648
672961
503015
793463
105252
872573
373664
658572
415895
530046
703516
12771
747241
148616
864546
957848
413094
359137
995286
747096
377203
559711
972412
425280
659556
729100
502299
377299
568555
793779
390460
768152
231532
244682
238353
486670
368364
621307
540723
329293
581607
915857
699396
726331
490432
308539
890740
954983
828627
238400
571038
735429
820071
489600
235986
172551
122751
352547
113710
152980
572431
472032
803301
248231
980940
18988
352930
150535
137564
891645
29573
464350
914605
787577
538827
441785
579745
410944
630221
426203
755495
486035
968671
435070
929253
731103
392857
327783
697361
629418
777458
777636
327967
698137
341895
945957
405717
704603
865020
208181
707450
566198
216633
223123
508012
293612
213398
952881
237329
593161
302929
638792
485670
510604
298876
492950
904243
707312
667124
396790
108639
394453
485643
782426
300000
443024
923783
883814
152970
840908
18372
251244
227081
97179
414900
580672
995178
604317
595143
111352
18579
569611
909990
20162
403539
246305
68120
566946
125652
640870
583624
239430
165293
103449
495902
546567
548628
985721
891273
963326
917681
752817
813342
714049
293069
595999
538266
116025
178537
544768
438979
391649
737643
106041
985709
44317
388020
780740
501337
452853
296525
569909
110968
16812
592767
583848
405069
338113
740801
726154
332528
484609
914124
741312
458478
597959
878347
920119
904014
877330
921006
542345
642927
617729
680414
766409
119437
725293
527115
23851
139618
263267
659424
977427
9897
988157
32664
774840
547773
649307
483818
625141
559776
856387
236320
309932
615192
282067
985606
375063
431668
353119
754301
852973
253229
535211
363183
354092
694759
753734
788637
996297
520151
883841
325459
997938
416190
29963
564605
395004
978131
437546
10004
693294
675774
656536
823537
725033
497473
351352
571010
930034
78129
167603
233434
880158
727266
29236
611490
625753
784098
625980
519725
126290
745627
514146
424362
433799
465372
102955
426930
762984
580145
693633
568833
721579
748334
203220
445634
677420
731979
994826
643523
466942
87401
914788
877320
190930
457715
89582
700987
183170
424160
318178
549697
165883
37780
969563
6759
381509
733734
179697
161723
963953
859324
915637
235640
446302
556755
25610
228057
212327
589531
453854
248974
510316
542015
102148
568140
977404
652610
617712
334847
539612
465029
796302
343707
599350
631333
616831
996432
922401
721153
767152
540444
201801
313945
910041
460474
923067
528082
877904
614904
826192
75094
7751
498918
154163
729048
233128
405994
476880
247733
333899
101425
593114
800118
711442
505024
252793
331954
456162
378408
619535
84816
438974
397528
399014
971178
563905
549900
400568
179854
169272
35172
700953
258334
558618
582351
822533
226071
580965
989606
608642
403822
42645
899285
78065
686102
94531
746356
297719
349215
451481
855284
78978
12856
897326
244596
662138
600981
748098
692723
952390
236332
257239
908960
203256
528089
171690
854926
677974
899809
101325
217731
151046
487059
514530
228016
940053
960074
818102
595322
4900
597328
556279
804790
735535
767133
979027
792628
315067
513085
387759
631218
477852
865679
934977
324146
553888
571049
829387
198438
608988
42969
454517
263
651665
954502
275397
380996
401594
248566
828541
314264
408564
532521
242321
91124
251914
398626
289347
222044
412380
482693
631133
876302
108012
459804
102154
183836
696710
758003
559122
719451
152777
489188
199217
588148
426773
984429
462930
798295
591379
720957
341613
841616
139099
876430
920186
922802
625990
181035
329168
426159
304146
422803
54815
437386
849899
51510
629702
344419
821468
868764
225746
136433
29714
898853
644820
584079
163080
331755
557854
543533
126036
769347
743066
13031
780558
294371
444422
818994
362456
569821
53584
904434
615375
21705
196297
612522
668621
888770
989897
904267
667863
995719
861280
826157
129450
310465
326260
735515
157853
510115
731580
940872
771763
683757
936152
804064
847615
574092
765258
204154
483380
42972
603733
759913
342345
676173
861296
940402
938501
515491
14951
868567
385388
14999
495759
336594
690502
640859
137444
990238
808456
682683
68481
564910
378594
802847
426938
918017
705572
661293
828441
660173
21389
918155
404660
248344
330866
4290
921895
532774
135880
558462
519028
964813
272526
105458
139827
428260
284313
320152
570807
72602
445949
330582
437312
678115
25365
176316
340182
813580
240624
777386
72584
741424
286360
437135
436417
947843
936832
941388
438531
666827
966345
86198
336195
932527
973617
867962
686689
967592
123609
810140
746307
34900
712433
695448
139149
570217
404610
670121
140286
561286
956823
328615
690986
480037
712841
539147
387536
29293
454246
128206
76567
790692
831741
477744
483434
865538
653193
525205
998509
577696
626168
904586
866650
329424
602582
483237
204477
443270
869083
67017
315528
688819
208845
930120
7316
937714
480979
221668
916341
500123
823640
685934
10232
658102
633496
125008
543355
28490
46219
205478
461225
526675
204778
298502
978321
175761
597986
825824
146659
551485
881748
708033
349126
887831
410503
770418
550360
513178
652779
139197
925443
810449
493515
963343
572088
6979
399374
30585
302796
274954
34857
208849
76651
758850
25189
972021
871421
161372
47432