353
2499
1076
2207
2630
325
3040
856
2498
4508
1540
3376
3808
2264
1682
3731
746
2434
2406
2436
4843
3952
190
136
307
2984
1413
4707
4071
2506
2062
4204
2602
342
3215
4963
132
468
1249
1051
2484
2714
4842
1443
1469
200
4629
4894
3139
2511
55
2106
2017
2928
855
1606
4961
3242
3137
948
951
3267
2118
166
1946
3751
44
1733
991
1902
3622
3340
2099
4872
1352
4995
1197
3284
4249
2543
4247
2982
2212
135
4623
1486
813
434
2102
2173
4109
1324
107
794
4471
3029
1164
1190
3054
4316
2753
1882
1453
2667
1826
2904
1332
1476
3513
1794
4755
2175
4466
25
1807
1417
2126
1789
2425
2413
599
840
857
214
1461
2197
1808
648
2371
4853
1959
2839
1675
3827
1006
2980
990
227
670
2971
2036
284
4705
279
241
1973
530
1108
4028
1992
3730
4851
4307
692
1728
267
1171
174
2735
3172
1299
3276
4429
4573
811
915
2123
2303
3908
2198
3685
699
1543
3769
4865
4626
1053
3976
4107
732
1361
2685
3557
650
184
3932
4169
1909
3644
3022
1048
3591
303
3535
466
4975
4698
4655
3410
1186
1316
3611
3176
3345
3853
3101
156
1845
4680
3395
154
4032
4794
2104
3792
1247
4833
3783
1077
952
3337
4571
2724
3832
3391
3653
3004
2662
914
1770
4404
853
1161
3164
1400
3246
2473
4846
2902
1135
4988
925
585
3741
8
2098
417
1085
4577
317